[gd_resource type="SkeletonProfile" format=3 uid="uid://dheb0geliahm7"]

[resource]
group_size = 1
bone_size = 65
groups/0/group_name = &""
bones/0/bone_name = &"mixamorig_Hips"
bones/0/bone_parent = &""
bones/0/tail_direction = 0
bones/0/reference_pose = Transform3D(1, -8.78096e-05, -2.787e-06, 2.787e-06, 0, 1, -8.78096e-05, -1, 0, -6.75701e-06, 4.84474e-05, -99.7919)
bones/0/handle_offset = Vector2(0.500014, 0.524131)
bones/0/group = &""
bones/0/require = false
bones/1/bone_name = &"mixamorig_Spine"
bones/1/bone_parent = &"mixamorig_Hips"
bones/1/tail_direction = 0
bones/1/reference_pose = Transform3D(1, -1.22161e-05, -7.43262e-07, 1.22161e-05, 0.992624, 0.121236, -7.43257e-07, -0.121236, 0.992624, 0.000859786, 9.92346, -1.22733)
bones/1/handle_offset = Vector2(0.500013, 0.529807)
bones/1/group = &""
bones/1/require = false
bones/2/bone_name = &"mixamorig_Spine1"
bones/2/bone_parent = &"mixamorig_Spine"
bones/2/tail_direction = 0
bones/2/reference_pose = Transform3D(1, 1.86323e-05, -7.30208e-09, -1.86323e-05, 1, -0.000392269, -6.80034e-12, 0.000392269, 1, -1.13096e-09, 11.732, 1.20875e-06)
bones/2/handle_offset = Vector2(0.500008, 0.536385)
bones/2/group = &""
bones/2/require = false
bones/3/bone_name = &"mixamorig_Spine2"
bones/3/bone_parent = &"mixamorig_Spine1"
bones/3/tail_direction = 0
bones/3/reference_pose = Transform3D(1, -6.30587e-06, 4.7635e-06, 6.81277e-06, 0.993339, -0.115231, -4.00514e-06, 0.115231, 0.993339, -4.47471e-10, 13.4588, 9.85582e-07)
bones/3/handle_offset = Vector2(0.500003, 0.543906)
bones/3/group = &""
bones/3/require = false
bones/4/bone_name = &"mixamorig_Neck"
bones/4/bone_parent = &"mixamorig_Spine2"
bones/4/tail_direction = 0
bones/4/reference_pose = Transform3D(1, 6.23025e-11, 3.44099e-12, -6.2282e-11, 0.999984, -0.0056553, -3.79327e-12, 0.0056553, 0.999984, 2.54808e-05, 15.0277, 0.877905)
bones/4/handle_offset = Vector2(0.499997, 0.540239)
bones/4/group = &""
bones/4/require = false
bones/5/bone_name = &"mixamorig_Head"
bones/5/bone_parent = &"mixamorig_Neck"
bones/5/tail_direction = 0
bones/5/reference_pose = Transform3D(1, -2.18268e-11, 3.38872e-13, 2.18268e-11, 1, 1.21453e-08, -3.38872e-13, -1.21453e-08, 1, 2.55988e-06, 10.3218, 3.14243)
bones/5/handle_offset = Vector2(0.499993, 0.525707)
bones/5/group = &""
bones/5/require = false
bones/6/bone_name = &"mixamorig_HeadTop_End"
bones/6/bone_parent = &"mixamorig_Head"
bones/6/tail_direction = 0
bones/6/reference_pose = Transform3D(1, -3.63993e-12, -3.08052e-13, 3.63993e-12, 1, 3.61516e-15, 3.08052e-13, -3.61516e-15, 1, 0.000154517, 18.4747, 6.6364)
bones/6/handle_offset = Vector2(0.499986, 0.495018)
bones/6/group = &""
bones/6/require = false
bones/7/bone_name = &"mixamorig_LeftShoulder"
bones/7/bone_parent = &"mixamorig_Spine2"
bones/7/tail_direction = 0
bones/7/reference_pose = Transform3D(-0.20123, 0.979319, -0.021009, 0.00976795, -0.0194404, -0.999763, -0.979495, -0.201387, -0.00565386, 6.10582, 9.10625, 0.75706)
bones/7/handle_offset = Vector2(0.528235, 0.540643)
bones/7/group = &""
bones/7/require = false
bones/8/bone_name = &"mixamorig_LeftArm"
bones/8/bone_parent = &"mixamorig_LeftShoulder"
bones/8/tail_direction = 0
bones/8/reference_pose = Transform3D(0.979535, -0.20123, -0.00422908, 0.201275, 0.979318, 0.0205813, 2.98023e-08, -0.0210113, 0.999779, 1.2517e-06, 12.9223, 2.02477e-05)
bones/8/handle_offset = Vector2(0.586758, 0.552671)
bones/8/group = &""
bones/8/require = false
bones/9/bone_name = &"mixamorig_LeftForeArm"
bones/9/bone_parent = &"mixamorig_LeftArm"
bones/9/tail_direction = 0
bones/9/reference_pose = Transform3D(1, 2.3344e-08, 1.63133e-08, -2.3344e-08, 1, -1.23929e-06, -1.63133e-08, 1.23929e-06, 1, 1.34292e-05, 27.4047, 1.27254e-05)
bones/9/handle_offset = Vector2(0.713489, 0.552671)
bones/9/group = &""
bones/9/require = false
bones/10/bone_name = &"mixamorig_LeftHand"
bones/10/bone_parent = &"mixamorig_LeftForeArm"
bones/10/tail_direction = 0
bones/10/reference_pose = Transform3D(1, 1.28733e-07, -1.28721e-07, -1.28733e-07, 1, -1.41334e-06, 1.28721e-07, 1.41334e-06, 1, -8.88504e-08, 27.6145, 1.39405e-06)
bones/10/handle_offset = Vector2(0.84119, 0.552671)
bones/10/group = &""
bones/10/require = false
bones/11/bone_name = &"mixamorig_LeftHandThumb1"
bones/11/bone_parent = &"mixamorig_LeftHand"
bones/11/tail_direction = 0
bones/11/reference_pose = Transform3D(0.894428, -0.447212, -6.63102e-07, 0.387297, 0.774599, -0.499998, 0.223605, 0.447212, 0.866027, -3.00297, 3.78882, 2.16716)
bones/11/handle_offset = Vector2(0.858712, 0.538784)
bones/11/group = &""
bones/11/require = false
bones/12/bone_name = &"mixamorig_LeftHandThumb2"
bones/12/bone_parent = &"mixamorig_LeftHandThumb1"
bones/12/tail_direction = 0
bones/12/reference_pose = Transform3D(1, -1.80304e-06, 5.64528e-07, 1.80304e-06, 1, -1.46432e-05, -5.64502e-07, 1.46432e-05, 1, -1.01328e-06, 4.74499, 1.43451e-05)
bones/12/handle_offset = Vector2(0.87571, 0.528971)
bones/12/group = &""
bones/12/require = false
bones/13/bone_name = &"mixamorig_LeftHandThumb3"
bones/13/bone_parent = &"mixamorig_LeftHandThumb2"
bones/13/tail_direction = 0
bones/13/reference_pose = Transform3D(1, 4.09782e-07, -4.12789e-08, -4.09782e-07, 1, -1.57751e-06, 4.12782e-08, 1.57751e-06, 1, 1.78814e-07, 4.38212, -3.23343e-05)
bones/13/handle_offset = Vector2(0.891407, 0.519908)
bones/13/group = &""
bones/13/require = false
bones/14/bone_name = &"mixamorig_LeftHandThumb4"
bones/14/bone_parent = &"mixamorig_LeftHandThumb3"
bones/14/tail_direction = 0
bones/14/reference_pose = Transform3D(0.958041, -0.140321, 0.249933, 0.144917, 0.989444, 1.12522e-05, -0.247296, 0.0362089, 0.968263, -8.70228e-06, 3.45907, 1.36913e-05)
bones/14/handle_offset = Vector2(0.903799, 0.512755)
bones/14/group = &""
bones/14/require = false
bones/15/bone_name = &"mixamorig_LeftHandIndex1"
bones/15/bone_parent = &"mixamorig_LeftHand"
bones/15/tail_direction = 0
bones/15/reference_pose = Transform3D(1, -9.37265e-06, 6.57518e-08, 9.37265e-06, 1, -1.29793e-06, -6.57397e-08, 1.29793e-06, 1, -2.82204, 12.2666, 0.231821)
bones/15/handle_offset = Vector2(0.897916, 0.539621)
bones/15/group = &""
bones/15/require = false
bones/16/bone_name = &"mixamorig_LeftHandIndex2"
bones/16/bone_parent = &"mixamorig_LeftHandIndex1"
bones/16/tail_direction = 0
bones/16/reference_pose = Transform3D(1, 1.2435e-05, 9.08236e-08, -1.2435e-05, 1, 3.10738e-06, -9.07849e-08, -3.10738e-06, 1, -2.50166e-08, 3.89196, 5.01929e-06)
bones/16/handle_offset = Vector2(0.915914, 0.539621)
bones/16/group = &""
bones/16/require = false
bones/17/bone_name = &"mixamorig_LeftHandIndex3"
bones/17/bone_parent = &"mixamorig_LeftHandIndex2"
bones/17/tail_direction = 0
bones/17/reference_pose = Transform3D(1, 1.13466e-08, -1.13467e-08, -1.13466e-08, 1, -1.26303e-07, 1.13467e-08, 1.26303e-07, 1, 2.9173e-08, 3.41516, 1.01295e-05)
bones/17/handle_offset = Vector2(0.931707, 0.539621)
bones/17/group = &""
bones/17/require = false
bones/18/bone_name = &"mixamorig_LeftHandIndex4"
bones/18/bone_parent = &"mixamorig_LeftHandIndex3"
bones/18/tail_direction = 0
bones/18/reference_pose = Transform3D(0.999968, -4.53911e-05, 0.008003, 4.54293e-05, 1, -4.59375e-06, -0.008003, 4.95718e-06, 0.999968, -3.39787e-08, 3.078, 1.35607e-05)
bones/18/handle_offset = Vector2(0.945941, 0.539621)
bones/18/group = &""
bones/18/require = false
bones/19/bone_name = &"mixamorig_LeftHandMiddle1"
bones/19/bone_parent = &"mixamorig_LeftHand"
bones/19/tail_direction = 0
bones/19/reference_pose = Transform3D(1, -1.66071e-09, 1.2087e-07, 1.66057e-09, 1, 1.11591e-06, -1.2087e-07, -1.11591e-06, 1, -1.25753e-05, 12.7755, -7.51636e-06)
bones/19/handle_offset = Vector2(0.900269, 0.552671)
bones/19/group = &""
bones/19/require = false
bones/20/bone_name = &"mixamorig_LeftHandMiddle2"
bones/20/bone_parent = &"mixamorig_LeftHandMiddle1"
bones/20/tail_direction = 0
bones/20/reference_pose = Transform3D(1, -5.88088e-09, 5.8803e-09, 5.88089e-09, 1, -4.58444e-07, -5.8803e-09, 4.58444e-07, 1, 1.52746e-07, 3.61396, -1.73848e-06)
bones/20/handle_offset = Vector2(0.916982, 0.552671)
bones/20/group = &""
bones/20/require = false
bones/21/bone_name = &"mixamorig_LeftHandMiddle3"
bones/21/bone_parent = &"mixamorig_LeftHandMiddle2"
bones/21/tail_direction = 0
bones/21/reference_pose = Transform3D(1, 8.25521e-09, -8.25436e-09, -8.25522e-09, 1, -1.13706e-06, 8.25435e-09, 1.13706e-06, 1, 2.8707e-05, 3.45977, 2.73836e-06)
bones/21/handle_offset = Vector2(0.932981, 0.552671)
bones/21/group = &""
bones/21/require = false
bones/22/bone_name = &"mixamorig_LeftHandMiddle4"
bones/22/bone_parent = &"mixamorig_LeftHandMiddle3"
bones/22/tail_direction = 0
bones/22/reference_pose = Transform3D(0.999957, 0.00130825, 0.00915867, -0.00130827, 0.999999, -3.68975e-06, -0.00915867, -8.29245e-06, 0.999958, -3.14252e-05, 3.68019, 3.04039e-06)
bones/22/handle_offset = Vector2(0.95, 0.552671)
bones/22/group = &""
bones/22/require = false
bones/23/bone_name = &"mixamorig_LeftHandRing1"
bones/23/bone_parent = &"mixamorig_LeftHand"
bones/23/tail_direction = 0
bones/23/reference_pose = Transform3D(1, -9.13638e-06, 1.97001e-07, 9.13638e-06, 1, 1.43092e-06, -1.97014e-07, -1.43092e-06, 1, 2.21664, 12.147, -0.00999657)
bones/23/handle_offset = Vector2(0.897363, 0.562922)
bones/23/group = &""
bones/23/require = false
bones/24/bone_name = &"mixamorig_LeftHandRing2"
bones/24/bone_parent = &"mixamorig_LeftHandRing1"
bones/24/tail_direction = 0
bones/24/reference_pose = Transform3D(1, 1.61871e-05, 2.47008e-08, -1.61871e-05, 1, 3.29224e-06, -2.46475e-08, -3.29224e-06, 1, 6.3543e-07, 3.60118, -1.47875e-05)
bones/24/handle_offset = Vector2(0.914016, 0.562922)
bones/24/group = &""
bones/24/require = false
bones/25/bone_name = &"mixamorig_LeftHandRing3"
bones/25/bone_parent = &"mixamorig_LeftHandRing2"
bones/25/tail_direction = 0
bones/25/reference_pose = Transform3D(1, -4.06519e-07, 4.06481e-07, 4.06519e-07, 1, -5.56489e-07, -4.06481e-07, 5.56489e-07, 1, 5.82299e-07, 3.30733, 5.49968e-06)
bones/25/handle_offset = Vector2(0.929311, 0.562922)
bones/25/group = &""
bones/25/require = false
bones/26/bone_name = &"mixamorig_LeftHandRing4"
bones/26/bone_parent = &"mixamorig_LeftHandRing3"
bones/26/tail_direction = 0
bones/26/reference_pose = Transform3D(0.999889, -0.00154095, 0.014792, 0.00154121, 0.999999, -6.38454e-06, -0.0147919, 2.91813e-05, 0.999891, -2.34765e-05, 3.6601, 3.35409e-05)
bones/26/handle_offset = Vector2(0.946237, 0.562922)
bones/26/group = &""
bones/26/require = false
bones/27/bone_name = &"mixamorig_LeftHandPinky1"
bones/27/bone_parent = &"mixamorig_LeftHand"
bones/27/tail_direction = 0
bones/27/reference_pose = Transform3D(1, -0.000281838, 3.45828e-07, 0.000281838, 1, -2.70877e-06, -3.45064e-07, 2.70887e-06, 1, 4.72584, 10.9082, 0.226131)
bones/27/handle_offset = Vector2(0.891634, 0.574525)
bones/27/group = &""
bones/27/require = false
bones/28/bone_name = &"mixamorig_LeftHandPinky2"
bones/28/bone_parent = &"mixamorig_LeftHandPinky1"
bones/28/tail_direction = 0
bones/28/reference_pose = Transform3D(1, 0.000736602, -7.57697e-07, -0.000736602, 1, 9.24707e-06, 7.64508e-07, -9.24651e-06, 1, 1.0844e-06, 4.13666, 1.41886e-05)
bones/28/handle_offset = Vector2(0.910764, 0.57452)
bones/28/group = &""
bones/28/require = false
bones/29/bone_name = &"mixamorig_LeftHandPinky3"
bones/29/bone_parent = &"mixamorig_LeftHandPinky2"
bones/29/tail_direction = 0
bones/29/reference_pose = Transform3D(1, -0.000460831, 1.12128e-06, 0.000460831, 1, -1.05882e-05, -1.1164e-06, 1.05887e-05, 1, -6.12206e-07, 2.59482, 1.85099e-05)
bones/29/handle_offset = Vector2(0.922763, 0.574526)
bones/29/group = &""
bones/29/require = false
bones/30/bone_name = &"mixamorig_LeftHandPinky4"
bones/30/bone_parent = &"mixamorig_LeftHandPinky3"
bones/30/tail_direction = 0
bones/30/reference_pose = Transform3D(0.999966, 0.00115073, 0.00819911, -0.00115078, 0.999999, 1.00218e-06, -0.0081991, -1.04375e-05, 0.999966, -1.25422e-06, 2.92387, 8.73622e-06)
bones/30/handle_offset = Vector2(0.936285, 0.574525)
bones/30/group = &""
bones/30/require = false
bones/31/bone_name = &"mixamorig_RightShoulder"
bones/31/bone_parent = &"mixamorig_Spine2"
bones/31/tail_direction = 0
bones/31/reference_pose = Transform3D(-0.201228, -0.979319, 0.0210167, -0.00976938, -0.019448, -0.999763, 0.979496, -0.201385, -0.00565386, -6.1057, 9.10635, 0.757074)
bones/31/handle_offset = Vector2(0.471764, 0.540643)
bones/31/group = &""
bones/31/require = false
bones/32/bone_name = &"mixamorig_RightArm"
bones/32/bone_parent = &"mixamorig_RightShoulder"
bones/32/tail_direction = 0
bones/32/reference_pose = Transform3D(0.979535, 0.201228, 0.00423029, -0.201272, 0.979319, 0.020588, 6.70552e-08, -0.0210181, 0.999779, -3.57628e-07, 12.9223, 1.30742e-05)
bones/32/handle_offset = Vector2(0.413242, 0.552671)
bones/32/group = &""
bones/32/require = false
bones/33/bone_name = &"mixamorig_RightForeArm"
bones/33/bone_parent = &"mixamorig_RightArm"
bones/33/tail_direction = 0
bones/33/reference_pose = Transform3D(1, -5.84677e-08, 3.90717e-08, 5.84677e-08, 1, -4.48963e-07, -3.90717e-08, 4.48963e-07, 1, -7.61224e-07, 27.4047, -2.11461e-06)
bones/33/handle_offset = Vector2(0.286511, 0.552671)
bones/33/group = &""
bones/33/require = false
bones/34/bone_name = &"mixamorig_RightHand"
bones/34/bone_parent = &"mixamorig_RightForeArm"
bones/34/tail_direction = 0
bones/34/reference_pose = Transform3D(1, -4.75946e-09, 4.7599e-09, 4.75946e-09, 1, 5.92689e-07, -4.7599e-09, -5.92689e-07, 1, 1.32686e-05, 27.6144, -7.82493e-06)
bones/34/handle_offset = Vector2(0.15881, 0.55267)
bones/34/group = &""
bones/34/require = false
bones/35/bone_name = &"mixamorig_RightHandThumb1"
bones/35/bone_parent = &"mixamorig_RightHand"
bones/35/tail_direction = 0
bones/35/reference_pose = Transform3D(0.894428, 0.447212, -7.7486e-07, -0.387297, 0.774597, -0.500001, -0.223606, 0.447215, 0.866025, 3.00297, 3.7888, 2.16716)
bones/35/handle_offset = Vector2(0.14129, 0.538783)
bones/35/group = &""
bones/35/require = false
bones/36/bone_name = &"mixamorig_RightHandThumb2"
bones/36/bone_parent = &"mixamorig_RightHandThumb1"
bones/36/tail_direction = 0
bones/36/reference_pose = Transform3D(1, 1.22189e-06, -2.83909e-07, -1.2219e-06, 1, -1.53374e-05, 2.8389e-07, 1.53374e-05, 1, 1.055e-05, 4.74496, -4.47486e-05)
bones/36/handle_offset = Vector2(0.124294, 0.52897)
bones/36/group = &""
bones/36/require = false
bones/37/bone_name = &"mixamorig_RightHandThumb3"
bones/37/bone_parent = &"mixamorig_RightHandThumb2"
bones/37/tail_direction = 0
bones/37/reference_pose = Transform3D(1, -6.25849e-07, 1.30346e-06, 6.25848e-07, 1, 4.98992e-07, -1.30346e-06, -4.98991e-07, 1, -5.84126e-06, 4.38215, 1.93096e-05)
bones/37/handle_offset = Vector2(0.108598, 0.519908)
bones/37/group = &""
bones/37/require = false
bones/38/bone_name = &"mixamorig_RightHandThumb4"
bones/38/bone_parent = &"mixamorig_RightHandThumb3"
bones/38/tail_direction = 0
bones/38/reference_pose = Transform3D(0.957213, 0.140747, -0.252852, -0.145442, 0.989367, 0.000125045, 0.250181, 0.0366556, 0.967505, 1.41859e-05, 3.45906, -2.79579e-05)
bones/38/handle_offset = Vector2(0.0962078, 0.512754)
bones/38/group = &""
bones/38/require = false
bones/39/bone_name = &"mixamorig_RightHandIndex1"
bones/39/bone_parent = &"mixamorig_RightHand"
bones/39/tail_direction = 0
bones/39/reference_pose = Transform3D(1, 9.55643e-06, -1.00891e-07, -9.55643e-06, 1, -9.57115e-08, 1.0089e-07, 9.57124e-08, 1, 2.82204, 12.2666, 0.231828)
bones/39/handle_offset = Vector2(0.102084, 0.53962)
bones/39/group = &""
bones/39/require = false
bones/40/bone_name = &"mixamorig_RightHandIndex2"
bones/40/bone_parent = &"mixamorig_RightHandIndex1"
bones/40/tail_direction = 0
bones/40/reference_pose = Transform3D(1, -8.32291e-06, 1.78601e-07, 8.32292e-06, 1, -3.10355e-06, -1.78575e-07, 3.10355e-06, 1, 1.20817e-07, 3.89197, -6.39381e-06)
bones/40/handle_offset = Vector2(0.084086, 0.53962)
bones/40/group = &""
bones/40/require = false
bones/41/bone_name = &"mixamorig_RightHandIndex3"
bones/41/bone_parent = &"mixamorig_RightHandIndex2"
bones/41/tail_direction = 0
bones/41/reference_pose = Transform3D(1, -2.59014e-08, 2.59035e-08, 2.59014e-08, 1, 1.26285e-07, -2.59035e-08, -1.26285e-07, 1, -1.30692e-05, 3.41516, -1.14734e-05)
bones/41/handle_offset = Vector2(0.0682929, 0.53962)
bones/41/group = &""
bones/41/require = false
bones/42/bone_name = &"mixamorig_RightHandIndex4"
bones/42/bone_parent = &"mixamorig_RightHandIndex3"
bones/42/tail_direction = 0
bones/42/reference_pose = Transform3D(0.999906, -0.00274841, -0.0134184, 0.00275035, 0.999996, 0.0001267, 0.013418, -0.000163594, 0.99991, -2.45018e-08, 3.07798, 1.54882e-05)
bones/42/handle_offset = Vector2(0.054059, 0.53962)
bones/42/group = &""
bones/42/require = false
bones/43/bone_name = &"mixamorig_RightHandMiddle1"
bones/43/bone_parent = &"mixamorig_RightHand"
bones/43/tail_direction = 0
bones/43/reference_pose = Transform3D(1, 7.9996e-07, 3.4435e-08, -7.9996e-07, 1, -2.50553e-06, -3.4437e-08, 2.50553e-06, 1, 1.69482e-05, 12.7755, 1.851e-05)
bones/43/handle_offset = Vector2(0.0997307, 0.55267)
bones/43/group = &""
bones/43/require = false
bones/44/bone_name = &"mixamorig_RightHandMiddle2"
bones/44/bone_parent = &"mixamorig_RightHandMiddle1"
bones/44/tail_direction = 0
bones/44/reference_pose = Transform3D(1, -7.31344e-08, 7.31408e-08, 7.31344e-08, 1, 4.58433e-07, -7.31408e-08, -4.58433e-07, 1, -1.34369e-07, 3.61397, -2.13428e-07)
bones/44/handle_offset = Vector2(0.0830182, 0.55267)
bones/44/group = &""
bones/44/require = false
bones/45/bone_name = &"mixamorig_RightHandMiddle3"
bones/45/bone_parent = &"mixamorig_RightHandMiddle2"
bones/45/tail_direction = 0
bones/45/reference_pose = Transform3D(1, 4.70179e-08, -4.7022e-08, -4.70179e-08, 1, 1.13706e-06, 4.7022e-08, -1.13706e-06, 1, -2.92933e-05, 3.45976, -5.10256e-06)
bones/45/handle_offset = Vector2(0.0670188, 0.55267)
bones/45/group = &""
bones/45/require = false
bones/46/bone_name = &"mixamorig_RightHandMiddle4"
bones/46/bone_parent = &"mixamorig_RightHandMiddle3"
bones/46/tail_direction = 0
bones/46/reference_pose = Transform3D(0.999905, 0.00341724, -0.0133901, -0.00341588, 0.999994, 0.000124528, 0.0133904, -7.8777e-05, 0.99991, 2.86955e-05, 3.68019, -2.04176e-05)
bones/46/handle_offset = Vector2(0.05, 0.55267)
bones/46/group = &""
bones/46/require = false
bones/47/bone_name = &"mixamorig_RightHandRing1"
bones/47/bone_parent = &"mixamorig_RightHand"
bones/47/tail_direction = 0
bones/47/reference_pose = Transform3D(1, 9.66599e-06, -2.15347e-08, -9.66599e-06, 1, -2.81994e-06, 2.15075e-08, 2.81994e-06, 1, -2.21663, 12.147, -0.00999829)
bones/47/handle_offset = Vector2(0.102637, 0.562921)
bones/47/group = &""
bones/47/require = false
bones/48/bone_name = &"mixamorig_RightHandRing2"
bones/48/bone_parent = &"mixamorig_RightHandRing1"
bones/48/tail_direction = 0
bones/48/reference_pose = Transform3D(1, -1.60845e-05, -1.15949e-07, 1.60845e-05, 1, 1.32059e-06, 1.15928e-07, -1.32059e-06, 1, -3.00508e-07, 3.6012, -1.77504e-06)
bones/48/handle_offset = Vector2(0.0859836, 0.562921)
bones/48/group = &""
bones/48/require = false
bones/49/bone_name = &"mixamorig_RightHandRing3"
bones/49/bone_parent = &"mixamorig_RightHandRing2"
bones/49/tail_direction = 0
bones/49/reference_pose = Transform3D(1, -2.25764e-07, 2.25784e-07, 2.25764e-07, 1, 1.11976e-07, -2.25784e-07, -1.11976e-07, 1, 2.74445e-08, 3.3073, -4.63963e-06)
bones/49/handle_offset = Vector2(0.0706893, 0.562921)
bones/49/group = &""
bones/49/require = false
bones/50/bone_name = &"mixamorig_RightHandRing4"
bones/50/bone_parent = &"mixamorig_RightHandRing3"
bones/50/tail_direction = 0
bones/50/reference_pose = Transform3D(0.999884, 0.00060163, -0.0152262, -0.000599783, 1, 0.000125877, 0.0152263, -0.00011673, 0.999884, 2.28835e-05, 3.66011, 3.86379e-06)
bones/50/handle_offset = Vector2(0.0537634, 0.562921)
bones/50/group = &""
bones/50/require = false
bones/51/bone_name = &"mixamorig_RightHandPinky1"
bones/51/bone_parent = &"mixamorig_RightHand"
bones/51/tail_direction = 0
bones/51/reference_pose = Transform3D(1, 6.22466e-06, -6.6552e-08, -6.22466e-06, 1, -2.36667e-06, 6.65373e-08, 2.36667e-06, 1, -4.72583, 10.9082, 0.226131)
bones/51/handle_offset = Vector2(0.108366, 0.574525)
bones/51/group = &""
bones/51/require = false
bones/52/bone_name = &"mixamorig_RightHandPinky2"
bones/52/bone_parent = &"mixamorig_RightHandPinky1"
bones/52/tail_direction = 0
bones/52/reference_pose = Transform3D(1, -2.08421e-05, 1.41745e-07, 2.08421e-05, 1, 3.20224e-07, -1.41752e-07, -3.20221e-07, 1, -9.56386e-07, 4.13664, -5.36287e-06)
bones/52/handle_offset = Vector2(0.0892363, 0.574525)
bones/52/group = &""
bones/52/require = false
bones/53/bone_name = &"mixamorig_RightHandPinky3"
bones/53/bone_parent = &"mixamorig_RightHandPinky2"
bones/53/tail_direction = 0
bones/53/reference_pose = Transform3D(1, 2.11417e-05, -1.62765e-07, -2.11417e-05, 1, -5.11219e-07, 1.62755e-07, 5.11222e-07, 1, -1.60831e-06, 2.59484, -8.97971e-06)
bones/53/handle_offset = Vector2(0.0772367, 0.574525)
bones/53/group = &""
bones/53/require = false
bones/54/bone_name = &"mixamorig_RightHandPinky4"
bones/54/bone_parent = &"mixamorig_RightHandPinky3"
bones/54/tail_direction = 0
bones/54/reference_pose = Transform3D(0.999846, -0.00441081, -0.0169974, 0.00441363, 0.99999, 0.000128528, 0.0169966, -0.000203529, 0.999855, 3.9237e-07, 2.92388, -8.16629e-06)
bones/54/handle_offset = Vector2(0.0637154, 0.574525)
bones/54/group = &""
bones/54/require = false
bones/55/bone_name = &"mixamorig_LeftUpLeg"
bones/55/bone_parent = &"mixamorig_Hips"
bones/55/tail_direction = 0
bones/55/reference_pose = Transform3D(-0.999982, 0.00593887, 7.83062e-05, -0.00593938, -0.999902, -0.0126999, 2.87533e-06, -0.0127002, 0.999919, 9.12387, -6.6572, -0.0554031)
bones/55/handle_offset = Vector2(0.542209, 0.524388)
bones/55/group = &""
bones/55/require = false
bones/56/bone_name = &"mixamorig_LeftLeg"
bones/56/bone_parent = &"mixamorig_LeftUpLeg"
bones/56/tail_direction = 0
bones/56/reference_pose = Transform3D(0.99993, 0.0118315, 0.000579731, -0.0118447, 0.999273, 0.0362199, -0.000150774, -0.0362242, 0.999344, -8.63573e-07, 40.5994, -7.20611e-08)
bones/56/handle_offset = Vector2(0.54334, 0.526772)
bones/56/group = &""
bones/56/require = false
bones/57/bone_name = &"mixamorig_LeftFoot"
bones/57/bone_parent = &"mixamorig_LeftLeg"
bones/57/tail_direction = 0
bones/57/reference_pose = Transform3D(0.998342, -0.0264272, 0.0511338, 0.0574903, 0.414367, -0.908292, 0.00281544, 0.909726, 0.415199, -4.32148e-07, 42.099, -4.07919e-07)
bones/57/handle_offset = Vector2(0.542209, 0.536294)
bones/57/group = &""
bones/57/require = false
bones/58/bone_name = &"mixamorig_LeftToeBase"
bones/58/bone_parent = &"mixamorig_LeftFoot"
bones/58/tail_direction = 0
bones/58/reference_pose = Transform3D(0.997412, 0.0150935, -0.0702888, -0.0447132, 0.89584, -0.442121, 0.0562943, 0.444119, 0.894197, 1.14934e-06, 15.7216, 8.9407e-07)
bones/58/handle_offset = Vector2(0.543936, 0.471707)
bones/58/group = &""
bones/58/require = false
bones/59/bone_name = &"mixamorig_LeftToe_End"
bones/59/bone_parent = &"mixamorig_LeftToeBase"
bones/59/tail_direction = 0
bones/59/reference_pose = Transform3D(1, 8.61328e-08, 9.45874e-08, -8.61328e-08, 1, -3.32366e-08, -9.45874e-08, 3.32366e-08, 1, 1.25542e-06, 10, 5.06639e-07)
bones/59/handle_offset = Vector2(0.543279, 0.425474)
bones/59/group = &""
bones/59/require = false
bones/60/bone_name = &"mixamorig_RightUpLeg"
bones/60/bone_parent = &"mixamorig_Hips"
bones/60/tail_direction = 0
bones/60/reference_pose = Transform3D(-0.999981, -0.00611455, -7.52684e-05, 0.00611501, -0.999901, -0.0126672, 2.19309e-06, -0.0126674, 0.99992, -9.12503, -6.6556, -0.0553527)
bones/60/handle_offset = Vector2(0.457818, 0.524388)
bones/60/group = &""
bones/60/require = false
bones/61/bone_name = &"mixamorig_RightLeg"
bones/61/bone_parent = &"mixamorig_RightUpLeg"
bones/61/tail_direction = 0
bones/61/reference_pose = Transform3D(0.99993, -0.0118315, -0.000580536, 0.0118448, 0.999271, 0.0362854, 0.000150802, -0.0362897, 0.999341, 3.28565e-07, 40.5995, 1.49012e-08)
bones/61/handle_offset = Vector2(0.456687, 0.526766)
bones/61/group = &""
bones/61/require = false
bones/62/bone_name = &"mixamorig_RightFoot"
bones/62/bone_parent = &"mixamorig_RightLeg"
bones/62/tail_direction = 0
bones/62/reference_pose = Transform3D(0.998342, 0.0264271, -0.0511337, -0.0574901, 0.414337, -0.908306, -0.0028173, 0.90974, 0.415169, 2.71709e-07, 42.099, -1.01514e-07)
bones/62/handle_offset = Vector2(0.457818, 0.536295)
bones/62/group = &""
bones/62/require = false
bones/63/bone_name = &"mixamorig_RightToeBase"
bones/63/bone_parent = &"mixamorig_RightFoot"
bones/63/tail_direction = 0
bones/63/reference_pose = Transform3D(0.997471, -0.0150664, 0.0694586, 0.044322, 0.895832, -0.442177, -0.0555612, 0.444137, 0.894234, 1.55898e-07, 15.7216, 3.8445e-06)
bones/63/handle_offset = Vector2(0.456091, 0.471707)
bones/63/group = &""
bones/63/require = false
bones/64/bone_name = &"mixamorig_RightToe_End"
bones/64/bone_parent = &"mixamorig_RightToeBase"
bones/64/tail_direction = 0
bones/64/reference_pose = Transform3D(1, 5.10772e-09, 2.61061e-08, -5.10772e-09, 1, 1.68948e-08, -2.61061e-08, -1.68948e-08, 1, -8.19564e-08, 10, 5.51343e-07)
bones/64/handle_offset = Vector2(0.456746, 0.425475)
bones/64/group = &""
bones/64/require = false
